tree	0	1	2	3	4	5	6	7	8	9

0	0.0	0.0303	0.053	0.0719	0.0882	0.1025	0.1153	0.1267	0.1369	0.1461
1	0.0303	0.0	0.0323	0.0555	0.0743	0.0902	0.104	0.116	0.1267	0.1361
2	0.053	0.0323	0.0	0.0334	0.0568	0.0754	0.0908	0.104	0.1153	0.1251
3	0.0719	0.0555	0.0334	0.0	0.0339	0.0573	0.0754	0.0902	0.1025	0.1129
4	0.0882	0.0743	0.0568	0.0339	0.0	0.0339	0.0568	0.0743	0.0882	0.0995
5	0.1025	0.0902	0.0754	0.0573	0.0339	0.0	0.0334	0.0555	0.0719	0.0845
6	0.1153	0.104	0.0908	0.0754	0.0568	0.0334	0.0	0.0323	0.053	0.0678
7	0.1267	0.116	0.104	0.0902	0.0743	0.0555	0.0323	0.0	0.0303	0.0487
8	0.1369	0.1267	0.1153	0.1025	0.0882	0.0719	0.053	0.0303	0.0	0.0266
9	0.1461	0.1361	0.1251	0.1129	0.0995	0.0845	0.0678	0.0487	0.0266	0.0
